x0,x0,x1,x1,f1,f2
0.08179650652831633,0.0011554684211168426,0.2808633622800366,2.62966396202011
0.024169903796691317,4.1209531171412794e-05,0.993412920627586,1.147697627738708
0.08179650652831633,0.0011554684211168426,0.2808633622800366,2.62966396202011
0.1601982707318102,1.2960724943653079e-05,0.9999982945697264,0.8906623008724662
0.08179650652831633,0.0011554684211168426,0.2808633622800366,2.62966396202011
0.11259066989940429,2.6672857483599904e-05,0.7566281426407786,1.2991462515821746
0.07937213404322713,1.975012046244451e-05,0.2841105438279501,1.549527515087476
0.08292992412620487,0.0001639305926619955,0.28243601991641476,1.97885253488277
0.024169903796691317,4.1209531171412794e-05,0.993412920627586,1.147697627738708
